# chain: 10, 50, 500, 0.100000, 1.000000, 100, 24
# sample: 0, rndSeed: 10
0: 0, 0, 0
1: 888, 204, 990
2: 1800, 483, 2141
3: 2688, 807, 3390
4: 3444, 1198, 4598
5: 4128, 1653, 5726
6: 4524, 2103, 6616
7: 4836, 2565, 7342
8: 5076, 3031, 7949
9: 5304, 3500, 8537
10: 5400, 3964, 8925
11: 5472, 4393, 9209
12: 5508, 4801, 9451
13: 5580, 5183, 9667
14: 5628, 5565, 9836
15: 5664, 5922, 9996
16: 5700, 6260, 10121
17: 5712, 6553, 10238
18: 5712, 6848, 10337
19: 5724, 7086, 10437
20: 5748, 7352, 10538
21: 5760, 7606, 10596
22: 5772, 7852, 10663
23: 5796, 8077, 10740
24: 5808, 8295, 10787
25: 5844, 8495, 10828
26: 5844, 8671, 10862
27: 5844, 8830, 10916
28: 5856, 8968, 10955
29: 5856, 9095, 10973
30: 5868, 9237, 11044
31: 5880, 9351, 11072
32: 5880, 9468, 11102
33: 5880, 9562, 11114
34: 5880, 9657, 11147
35: 5880, 9750, 11172
36: 5892, 9839, 11193
37: 5892, 9926, 11215
38: 5892, 10021, 11229
39: 5904, 10092, 11236
40: 5904, 10137, 11250
41: 5904, 10191, 11263
42: 5904, 10248, 11274
43: 5904, 10290, 11284
44: 5916, 10345, 11309
45: 5928, 10379, 11321
46: 5928, 10419, 11329
47: 5928, 10455, 11339
48: 5928, 10491, 11345
49: 5928, 10533, 11356
# sample: 1, rndSeed: 11
0: 0, 0, 0
1: 828, 205, 931
2: 1860, 474, 2132
3: 2724, 826, 3398
4: 3552, 1210, 4658
5: 4212, 1635, 5810
6: 4644, 2081, 6749
7: 4980, 2534, 7591
8: 5136, 2999, 8189
9: 5304, 3450, 8701
10: 5424, 3896, 9129
11: 5556, 4317, 9457
12: 5604, 4729, 9681
13: 5688, 5163, 9932
14: 5712, 5577, 10109
15: 5736, 5946, 10227
16: 5748, 6312, 10352
17: 5760, 6605, 10444
18: 5772, 6901, 10542
19: 5784, 7184, 10623
20: 5796, 7431, 10677
21: 5820, 7659, 10730
22: 5844, 7893, 10792
23: 5856, 8096, 10822
24: 5856, 8305, 10874
25: 5868, 8496, 10913
26: 5892, 8681, 10946
27: 5904, 8832, 10963
28: 5904, 8972, 11011
29: 5904, 9109, 11038
30: 5904, 9238, 11074
31: 5916, 9356, 11086
32: 5916, 9451, 11111
33: 5916, 9577, 11143
34: 5916, 9677, 11159
35: 5916, 9764, 11196
36: 5916, 9853, 11212
37: 5916, 9938, 11243
38: 5916, 10009, 11267
39: 5916, 10081, 11289
40: 5916, 10154, 11306
41: 5916, 10214, 11318
42: 5928, 10266, 11335
43: 5928, 10322, 11351
44: 5940, 10375, 11364
45: 5940, 10419, 11371
46: 5940, 10476, 11380
47: 5940, 10526, 11386
48: 5940, 10569, 11392
49: 5952, 10606, 11399
# sample: 2, rndSeed: 12
0: 0, 0, 0
1: 852, 194, 954
2: 1752, 459, 2113
3: 2760, 834, 3531
4: 3648, 1235, 4932
5: 4272, 1687, 6074
6: 4596, 2156, 6965
7: 4836, 2609, 7635
8: 5052, 3087, 8189
9: 5208, 3541, 8615
10: 5328, 3951, 8984
11: 5448, 4351, 9291
12: 5472, 4732, 9467
13: 5508, 5115, 9683
14: 5556, 5493, 9825
15: 5604, 5844, 9938
16: 5628, 6184, 10040
17: 5688, 6532, 10153
18: 5712, 6858, 10255
19: 5724, 7123, 10338
20: 5736, 7369, 10384
21: 5760, 7608, 10474
22: 5784, 7808, 10549
23: 5808, 7995, 10600
24: 5808, 8168, 10630
25: 5808, 8344, 10659
26: 5808, 8524, 10706
27: 5820, 8715, 10748
28: 5820, 8855, 10773
29: 5832, 9013, 10808
30: 5844, 9131, 10838
31: 5844, 9241, 10868
32: 5844, 9362, 10887
33: 5844, 9470, 10911
34: 5868, 9561, 10936
35: 5868, 9656, 10952
36: 5868, 9726, 10975
37: 5868, 9803, 10987
38: 5868, 9866, 10989
39: 5868, 9947, 11017
40: 5868, 10027, 11032
41: 5868, 10109, 11058
42: 5892, 10173, 11069
43: 5904, 10224, 11077
44: 5916, 10275, 11080
45: 5916, 10322, 11096
46: 5916, 10372, 11110
47: 5916, 10397, 11120
48: 5916, 10435, 11130
49: 5916, 10470, 11138
# sample: 3, rndSeed: 13
0: 0, 0, 0
1: 840, 195, 904
2: 1836, 493, 2133
3: 2784, 891, 3520
4: 3528, 1346, 4768
5: 4140, 1818, 5832
6: 4512, 2305, 6704
7: 4704, 2777, 7340
8: 4824, 3272, 7848
9: 5040, 3726, 8292
10: 5100, 4169, 8629
11: 5280, 4666, 8955
12: 5412, 5085, 9219
13: 5472, 5490, 9453
14: 5592, 5861, 9657
15: 5664, 6192, 9862
16: 5712, 6470, 9984
17: 5712, 6737, 10100
18: 5736, 7029, 10214
19: 5784, 7300, 10320
20: 5808, 7535, 10397
21: 5844, 7763, 10465
22: 5856, 7974, 10532
23: 5868, 8169, 10581
24: 5880, 8356, 10614
25: 5880, 8517, 10672
26: 5892, 8695, 10707
27: 5916, 8842, 10741
28: 5928, 8966, 10779
29: 5928, 9105, 10820
30: 5940, 9218, 10845
31: 5940, 9360, 10882
32: 5940, 9459, 10925
33: 5940, 9560, 10953
34: 5940, 9648, 10973
35: 5940, 9744, 11000
36: 5940, 9825, 11021
37: 5940, 9904, 11041
38: 5952, 9969, 11073
39: 5952, 10033, 11083
40: 5952, 10087, 11098
41: 5952, 10151, 11115
42: 5952, 10208, 11129
43: 5952, 10247, 11140
44: 5964, 10296, 11149
45: 5964, 10337, 11164
46: 5964, 10370, 11176
47: 5976, 10424, 11196
48: 5976, 10457, 11208
49: 5976, 10486, 11224
# sample: 4, rndSeed: 14
0: 0, 0, 0
1: 720, 164, 779
2: 1392, 395, 1708
3: 2376, 689, 2921
4: 3156, 1038, 4098
5: 3732, 1444, 5179
6: 4284, 1892, 6198
7: 4596, 2357, 6988
8: 4848, 2820, 7610
9: 5112, 3267, 8217
10: 5244, 3697, 8633
11: 5364, 4125, 8981
12: 5460, 4576, 9293
13: 5496, 4992, 9563
14: 5616, 5370, 9796
15: 5688, 5754, 9994
16: 5736, 6074, 10124
17: 5772, 6368, 10245
18: 5772, 6666, 10382
19: 5808, 6953, 10485
20: 5820, 7229, 10570
21: 5820, 7474, 10607
22: 5844, 7730, 10669
23: 5856, 7962, 10745
24: 5856, 8170, 10791
25: 5856, 8354, 10820
26: 5868, 8505, 10860
27: 5904, 8669, 10909
28: 5904, 8810, 10936
29: 5904, 8947, 10959
30: 5904, 9108, 11007
31: 5904, 9222, 11036
32: 5916, 9336, 11062
33: 5916, 9444, 11092
34: 5916, 9540, 11112
35: 5916, 9625, 11121
36: 5916, 9701, 11132
37: 5928, 9778, 11160
38: 5928, 9855, 11174
39: 5940, 9924, 11193
40: 5940, 9994, 11217
41: 5940, 10043, 11227
42: 5940, 10107, 11239
43: 5940, 10164, 11252
44: 5952, 10226, 11276
45: 5952, 10271, 11290
46: 5952, 10329, 11304
47: 5952, 10368, 11307
48: 5952, 10400, 11313
49: 5952, 10437, 11321
# sample: 5, rndSeed: 15
0: 0, 0, 0
1: 888, 196, 995
2: 1788, 438, 2117
3: 2712, 749, 3386
4: 3540, 1144, 4645
5: 4128, 1595, 5755
6: 4656, 2072, 6748
7: 4968, 2552, 7537
8: 5136, 3024, 8093
9: 5208, 3510, 8509
10: 5340, 3974, 8878
11: 5436, 4396, 9227
12: 5472, 4811, 9442
13: 5508, 5211, 9618
14: 5568, 5579, 9787
15: 5604, 5944, 9921
16: 5652, 6281, 10043
17: 5688, 6615, 10168
18: 5688, 6911, 10259
19: 5712, 7179, 10358
20: 5712, 7416, 10399
21: 5736, 7634, 10471
22: 5736, 7881, 10529
23: 5748, 8063, 10575
24: 5748, 8225, 10610
25: 5772, 8398, 10650
26: 5784, 8575, 10682
27: 5796, 8722, 10729
28: 5796, 8846, 10751
29: 5820, 8977, 10794
30: 5856, 9107, 10838
31: 5868, 9238, 10865
32: 5868, 9343, 10891
33: 5868, 9440, 10914
34: 5868, 9522, 10924
35: 5868, 9574, 10935
36: 5868, 9647, 10954
37: 5868, 9724, 10974
38: 5880, 9800, 11003
39: 5880, 9854, 11016
40: 5892, 9913, 11025
41: 5904, 9963, 11036
42: 5904, 10023, 11048
43: 5904, 10072, 11072
44: 5904, 10123, 11088
45: 5904, 10165, 11098
46: 5916, 10210, 11119
47: 5916, 10267, 11132
48: 5916, 10319, 11141
49: 5928, 10370, 11153
# sample: 6, rndSeed: 16
0: 0, 0, 0
1: 816, 184, 863
2: 1812, 458, 2029
3: 2700, 821, 3334
4: 3624, 1228, 4733
5: 4152, 1662, 5845
6: 4620, 2150, 6798
7: 4884, 2626, 7582
8: 5076, 3075, 8116
9: 5232, 3521, 8551
10: 5364, 3984, 8918
11: 5496, 4412, 9262
12: 5556, 4808, 9446
13: 5580, 5204, 9683
14: 5640, 5566, 9879
15: 5652, 5904, 10009
16: 5724, 6293, 10232
17: 5760, 6631, 10341
18: 5796, 6927, 10464
19: 5796, 7240, 10549
20: 5832, 7510, 10633
21: 5832, 7733, 10691
22: 5832, 7951, 10750
23: 5856, 8172, 10794
24: 5880, 8354, 10887
25: 5880, 8551, 10930
26: 5880, 8697, 10948
27: 5892, 8845, 10973
28: 5904, 9006, 11012
29: 5904, 9119, 11030
30: 5904, 9287, 11066
31: 5916, 9409, 11096
32: 5928, 9496, 11125
33: 5952, 9624, 11156
34: 5952, 9715, 11186
35: 5964, 9807, 11206
36: 5964, 9895, 11217
37: 5964, 9974, 11229
38: 5964, 10054, 11257
39: 5964, 10134, 11269
40: 5964, 10203, 11279
41: 5964, 10254, 11286
42: 5964, 10313, 11308
43: 5964, 10375, 11319
44: 5964, 10410, 11336
45: 5964, 10457, 11354
46: 5964, 10510, 11363
47: 5976, 10556, 11371
48: 5976, 10603, 11390
49: 5976, 10637, 11397
# sample: 7, rndSeed: 17
0: 0, 0, 0
1: 720, 149, 768
2: 1692, 414, 1903
3: 2556, 714, 3083
4: 3360, 1045, 4255
5: 3996, 1434, 5383
6: 4524, 1865, 6448
7: 4740, 2313, 7199
8: 4956, 2769, 7839
9: 5136, 3225, 8361
10: 5304, 3706, 8766
11: 5388, 4142, 9099
12: 5460, 4608, 9378
13: 5580, 5052, 9671
14: 5616, 5458, 9836
15: 5652, 5804, 10016
16: 5676, 6152, 10182
17: 5724, 6491, 10303
18: 5772, 6844, 10433
19: 5784, 7142, 10535
20: 5808, 7428, 10625
21: 5808, 7691, 10701
22: 5820, 7944, 10769
23: 5832, 8127, 10817
24: 5832, 8306, 10844
25: 5832, 8485, 10880
26: 5844, 8661, 10902
27: 5844, 8808, 10920
28: 5868, 8983, 10958
29: 5868, 9092, 10972
30: 5868, 9221, 11001
31: 5868, 9367, 11030
32: 5880, 9482, 11057
33: 5880, 9582, 11078
34: 5880, 9658, 11099
35: 5892, 9738, 11131
36: 5904, 9833, 11168
37: 5904, 9918, 11182
38: 5916, 9988, 11196
39: 5916, 10045, 11208
40: 5916, 10112, 11227
41: 5916, 10181, 11249
42: 5916, 10236, 11265
43: 5916, 10285, 11276
44: 5928, 10318, 11283
45: 5940, 10376, 11291
46: 5940, 10426, 11304
47: 5940, 10468, 11331
48: 5940, 10512, 11341
49: 5940, 10551, 11361
# sample: 8, rndSeed: 18
0: 0, 0, 0
1: 804, 185, 900
2: 1788, 430, 2044
3: 2748, 733, 3332
4: 3396, 1056, 4408
5: 3960, 1430, 5460
6: 4404, 1820, 6324
7: 4764, 2202, 7039
8: 5016, 2591, 7641
9: 5148, 2998, 8155
10: 5268, 3413, 8553
11: 5412, 3802, 8962
12: 5460, 4184, 9205
13: 5544, 4585, 9493
14: 5592, 4981, 9716
15: 5640, 5344, 9894
16: 5688, 5696, 10076
17: 5712, 6044, 10241
18: 5748, 6348, 10372
19: 5784, 6624, 10559
20: 5796, 6931, 10659
21: 5832, 7178, 10737
22: 5844, 7442, 10842
23: 5868, 7666, 10905
24: 5880, 7887, 10972
25: 5904, 8084, 11025
26: 5916, 8286, 11048
27: 5916, 8464, 11091
28: 5916, 8619, 11139
29: 5940, 8794, 11176
30: 5940, 8921, 11218
31: 5940, 9050, 11239
32: 5940, 9172, 11266
33: 5952, 9293, 11314
34: 5952, 9406, 11332
35: 5952, 9507, 11346
36: 5952, 9629, 11366
37: 5952, 9729, 11380
38: 5952, 9821, 11396
39: 5952, 9899, 11414
40: 5952, 9965, 11432
41: 5952, 10028, 11462
42: 5952, 10090, 11469
43: 5952, 10150, 11474
44: 5952, 10209, 11483
45: 5964, 10272, 11499
46: 5976, 10318, 11508
47: 5976, 10383, 11514
48: 5976, 10448, 11532
49: 5976, 10489, 11540
# sample: 9, rndSeed: 19
0: 0, 0, 0
1: 720, 166, 779
2: 1608, 403, 1860
3: 2532, 739, 3076
4: 3396, 1137, 4390
5: 4200, 1539, 5591
6: 4572, 1947, 6445
7: 4824, 2386, 7128
8: 5028, 2805, 7733
9: 5196, 3252, 8271
10: 5328, 3701, 8746
11: 5412, 4107, 9114
12: 5520, 4535, 9396
13: 5604, 4942, 9668
14: 5628, 5352, 9827
15: 5652, 5720, 9983
16: 5676, 6067, 10110
17: 5700, 6391, 10234
18: 5724, 6684, 10334
19: 5736, 6931, 10426
20: 5772, 7190, 10495
21: 5796, 7461, 10585
22: 5796, 7699, 10659
23: 5796, 7911, 10716
24: 5820, 8097, 10790
25: 5820, 8261, 10809
26: 5844, 8480, 10857
27: 5856, 8656, 10894
28: 5868, 8803, 10928
29: 5868, 8963, 10945
30: 5868, 9084, 10968
31: 5880, 9215, 10997
32: 5892, 9338, 11017
33: 5904, 9440, 11035
34: 5904, 9524, 11059
35: 5928, 9630, 11076
36: 5928, 9705, 11088
37: 5928, 9782, 11097
38: 5928, 9848, 11111
39: 5928, 9925, 11132
40: 5940, 9982, 11137
41: 5952, 10038, 11153
42: 5952, 10089, 11171
43: 5952, 10147, 11180
44: 5952, 10218, 11196
45: 5964, 10271, 11212
46: 5964, 10317, 11225
47: 5964, 10367, 11232
48: 5964, 10424, 11248
49: 5976, 10478, 11267
