# chain: 10, 50, 1000, 0.100000, 1.000000, 200, 24
# sample: 0, rndSeed: 10
0: 0, 0, 0
1: 1224, 145, 1282
2: 2880, 351, 3150
3: 4536, 622, 5345
4: 6060, 977, 7699
5: 7344, 1401, 9913
6: 8280, 1869, 11776
7: 9204, 2395, 13507
8: 9768, 2931, 14864
9: 10212, 3494, 16001
10: 10572, 4070, 17043
11: 10788, 4645, 17772
12: 10932, 5255, 18304
13: 11076, 5814, 18808
14: 11196, 6377, 19247
15: 11316, 6942, 19680
16: 11364, 7478, 19987
17: 11448, 8001, 20314
18: 11508, 8531, 20554
19: 11568, 9070, 20722
20: 11580, 9560, 20883
21: 11616, 10058, 21035
22: 11652, 10514, 21166
23: 11688, 10951, 21253
24: 11700, 11399, 21356
25: 11736, 11827, 21435
26: 11760, 12258, 21556
27: 11772, 12683, 21632
28: 11796, 13059, 21714
29: 11808, 13414, 21772
30: 11832, 13784, 21823
31: 11856, 14092, 21876
32: 11868, 14404, 21910
33: 11868, 14712, 21939
34: 11868, 15013, 21977
35: 11868, 15274, 22010
36: 11880, 15556, 22058
37: 11880, 15840, 22099
38: 11904, 16098, 22133
39: 11904, 16350, 22164
40: 11904, 16616, 22193
41: 11928, 16851, 22215
42: 11940, 17064, 22241
43: 11940, 17263, 22263
44: 11940, 17451, 22294
45: 11952, 17636, 22328
46: 11964, 17829, 22358
47: 11964, 18004, 22380
48: 11964, 18171, 22421
49: 11964, 18329, 22442
# sample: 1, rndSeed: 11
0: 0, 0, 0
1: 1656, 235, 1839
2: 3684, 579, 4246
3: 5580, 986, 6765
4: 7128, 1465, 9176
5: 8220, 1985, 11264
6: 9000, 2540, 13047
7: 9648, 3117, 14587
8: 10068, 3728, 15852
9: 10416, 4343, 16871
10: 10584, 4930, 17541
11: 10788, 5563, 18145
12: 10920, 6178, 18670
13: 11040, 6817, 19023
14: 11184, 7429, 19441
15: 11280, 8023, 19738
16: 11352, 8627, 19981
17: 11376, 9199, 20149
18: 11400, 9724, 20320
19: 11448, 10223, 20498
20: 11508, 10710, 20643
21: 11532, 11186, 20795
22: 11604, 11625, 20923
23: 11640, 12060, 21031
24: 11652, 12431, 21113
25: 11652, 12826, 21177
26: 11676, 13171, 21251
27: 11700, 13520, 21334
28: 11712, 13849, 21434
29: 11724, 14176, 21515
30: 11724, 14499, 21570
31: 11748, 14809, 21621
32: 11772, 15122, 21666
33: 11772, 15410, 21704
34: 11784, 15695, 21755
35: 11796, 15964, 21796
36: 11796, 16219, 21823
37: 11796, 16432, 21859
38: 11796, 16659, 21913
39: 11796, 16853, 21929
40: 11796, 17036, 21968
41: 11796, 17238, 22001
42: 11796, 17410, 22023
43: 11808, 17563, 22059
44: 11808, 17728, 22083
45: 11820, 17871, 22100
46: 11832, 18025, 22124
47: 11832, 18188, 22139
48: 11832, 18333, 22155
49: 11832, 18500, 22194
# sample: 2, rndSeed: 12
0: 0, 0, 0
1: 1512, 159, 1592
2: 3276, 375, 3604
3: 4992, 696, 5949
4: 6648, 1103, 8431
5: 7836, 1567, 10604
6: 8724, 2087, 12440
7: 9324, 2633, 14006
8: 9864, 3181, 15480
9: 10392, 3791, 16637
10: 10644, 4392, 17484
11: 10824, 4985, 18090
12: 11004, 5635, 18753
13: 11184, 6284, 19245
14: 11340, 6905, 19648
15: 11376, 7509, 19984
16: 11472, 8152, 20256
17: 11532, 8755, 20480
18: 11556, 9333, 20684
19: 11592, 9892, 20877
20: 11604, 10404, 21016
21: 11652, 10891, 21163
22: 11700, 11396, 21271
23: 11736, 11833, 21367
24: 11784, 12284, 21471
25: 11808, 12721, 21554
26: 11844, 13129, 21634
27: 11856, 13500, 21687
28: 11880, 13892, 21748
29: 11880, 14262, 21822
30: 11880, 14607, 21863
31: 11880, 14933, 21894
32: 11880, 15209, 21925
33: 11880, 15484, 21962
34: 11880, 15767, 21980
35: 11880, 16024, 22007
36: 11880, 16275, 22020
37: 11892, 16525, 22050
38: 11892, 16714, 22084
39: 11892, 16931, 22134
40: 11892, 17116, 22164
41: 11892, 17312, 22189
42: 11916, 17500, 22216
43: 11916, 17681, 22235
44: 11916, 17841, 22261
45: 11916, 18001, 22289
46: 11928, 18157, 22315
47: 11940, 18302, 22335
48: 11952, 18428, 22350
49: 11952, 18558, 22361
# sample: 3, rndSeed: 13
0: 0, 0, 0
1: 1416, 185, 1551
2: 3408, 482, 3817
3: 5256, 863, 6359
4: 6708, 1297, 8784
5: 7944, 1801, 11036
6: 8652, 2359, 12793
7: 9312, 2957, 14340
8: 9852, 3586, 15662
9: 10212, 4200, 16608
10: 10536, 4847, 17434
11: 10812, 5478, 18135
12: 10932, 6077, 18704
13: 11064, 6709, 19100
14: 11148, 7291, 19448
15: 11244, 7857, 19776
16: 11316, 8409, 20099
17: 11388, 8909, 20352
18: 11412, 9418, 20537
19: 11496, 9950, 20704
20: 11532, 10444, 20880
21: 11544, 10916, 20998
22: 11580, 11368, 21113
23: 11616, 11810, 21252
24: 11616, 12274, 21323
25: 11664, 12678, 21401
26: 11688, 13085, 21494
27: 11712, 13420, 21570
28: 11712, 13759, 21629
29: 11712, 14090, 21689
30: 11736, 14390, 21743
31: 11760, 14693, 21799
32: 11760, 15005, 21824
33: 11784, 15311, 21865
34: 11784, 15584, 21901
35: 11808, 15861, 21937
36: 11820, 16113, 21981
37: 11820, 16379, 22012
38: 11832, 16598, 22051
39: 11832, 16783, 22094
40: 11832, 16995, 22117
41: 11844, 17196, 22160
42: 11856, 17366, 22186
43: 11868, 17531, 22205
44: 11880, 17681, 22228
45: 11880, 17850, 22258
46: 11892, 18032, 22282
47: 11904, 18197, 22321
48: 11904, 18334, 22342
49: 11904, 18465, 22361
# sample: 4, rndSeed: 14
0: 0, 0, 0
1: 1464, 193, 1563
2: 3228, 483, 3691
3: 5196, 861, 6205
4: 6732, 1289, 8556
5: 7980, 1795, 10823
6: 8856, 2337, 12663
7: 9528, 2902, 14284
8: 10008, 3504, 15523
9: 10368, 4110, 16688
10: 10632, 4723, 17500
11: 10812, 5361, 18121
12: 10968, 5989, 18633
13: 11124, 6610, 19075
14: 11220, 7210, 19491
15: 11292, 7807, 19797
16: 11340, 8372, 20070
17: 11376, 8921, 20272
18: 11484, 9450, 20481
19: 11568, 10007, 20657
20: 11568, 10529, 20809
21: 11580, 11054, 20951
22: 11580, 11534, 21048
23: 11604, 11997, 21192
24: 11640, 12439, 21289
25: 11688, 12825, 21368
26: 11688, 13232, 21459
27: 11688, 13611, 21519
28: 11688, 13940, 21574
29: 11688, 14276, 21631
30: 11688, 14628, 21713
31: 11688, 14949, 21759
32: 11724, 15250, 21818
33: 11736, 15532, 21843
34: 11748, 15765, 21884
35: 11772, 15984, 21924
36: 11784, 16221, 21972
37: 11784, 16460, 22010
38: 11796, 16681, 22045
39: 11796, 16907, 22094
40: 11796, 17099, 22119
41: 11796, 17317, 22169
42: 11796, 17508, 22188
43: 11796, 17666, 22219
44: 11808, 17825, 22264
45: 11808, 17988, 22289
46: 11808, 18122, 22298
47: 11820, 18287, 22312
48: 11820, 18430, 22323
49: 11820, 18570, 22366
# sample: 5, rndSeed: 15
0: 0, 0, 0
1: 1560, 192, 1675
2: 3600, 499, 4076
3: 5616, 909, 6738
4: 7128, 1362, 9167
5: 8304, 1923, 11460
6: 9120, 2481, 13350
7: 9588, 3093, 14774
8: 9984, 3717, 15938
9: 10356, 4358, 16894
10: 10536, 4998, 17604
11: 10692, 5672, 18211
12: 10908, 6300, 18702
13: 11076, 6947, 19056
14: 11220, 7524, 19413
15: 11316, 8114, 19675
16: 11388, 8713, 19943
17: 11460, 9319, 20158
18: 11520, 9875, 20381
19: 11556, 10435, 20511
20: 11616, 10941, 20668
21: 11640, 11428, 20805
22: 11652, 11920, 20908
23: 11676, 12363, 20970
24: 11688, 12802, 21073
25: 11688, 13239, 21130
26: 11700, 13602, 21184
27: 11724, 13962, 21248
28: 11736, 14278, 21288
29: 11760, 14624, 21370
30: 11772, 14960, 21452
31: 11772, 15257, 21522
32: 11772, 15535, 21571
33: 11784, 15807, 21631
34: 11808, 16042, 21663
35: 11808, 16269, 21696
36: 11808, 16485, 21735
37: 11808, 16695, 21778
38: 11808, 16902, 21807
39: 11820, 17094, 21845
40: 11820, 17261, 21867
41: 11844, 17437, 21891
42: 11856, 17616, 21909
43: 11856, 17777, 21940
44: 11868, 17921, 21979
45: 11880, 18060, 22004
46: 11880, 18188, 22033
47: 11880, 18323, 22045
48: 11880, 18459, 22069
49: 11892, 18596, 22104
# sample: 6, rndSeed: 16
0: 0, 0, 0
1: 1452, 189, 1629
2: 3372, 453, 3854
3: 5136, 799, 6207
4: 6756, 1182, 8570
5: 7932, 1616, 10710
6: 8772, 2101, 12507
7: 9468, 2611, 14135
8: 9936, 3138, 15441
9: 10260, 3725, 16416
10: 10512, 4311, 17276
11: 10740, 4907, 17963
12: 10824, 5487, 18479
13: 11016, 6110, 18954
14: 11112, 6708, 19394
15: 11220, 7286, 19723
16: 11244, 7823, 19984
17: 11316, 8368, 20184
18: 11424, 8932, 20393
19: 11472, 9468, 20530
20: 11484, 10003, 20669
21: 11544, 10491, 20795
22: 11568, 10951, 20944
23: 11592, 11437, 21030
24: 11664, 11889, 21138
25: 11688, 12320, 21203
26: 11712, 12746, 21258
27: 11712, 13135, 21354
28: 11712, 13510, 21411
29: 11724, 13858, 21478
30: 11748, 14216, 21524
31: 11748, 14544, 21591
32: 11748, 14837, 21634
33: 11748, 15145, 21677
34: 11760, 15439, 21737
35: 11760, 15716, 21788
36: 11784, 15970, 21827
37: 11820, 16197, 21878
38: 11832, 16400, 21902
39: 11832, 16628, 21947
40: 11844, 16844, 21989
41: 11856, 17045, 22008
42: 11856, 17244, 22023
43: 11856, 17420, 22042
44: 11856, 17592, 22065
45: 11856, 17772, 22097
46: 11856, 17940, 22120
47: 11868, 18103, 22134
48: 11868, 18248, 22158
49: 11880, 18396, 22174
# sample: 7, rndSeed: 17
0: 0, 0, 0
1: 1536, 189, 1649
2: 3444, 472, 3909
3: 5328, 834, 6441
4: 6864, 1277, 8998
5: 8064, 1780, 11198
6: 8940, 2302, 13030
7: 9624, 2888, 14545
8: 10008, 3518, 15741
9: 10320, 4155, 16770
10: 10668, 4781, 17521
11: 10860, 5398, 18036
12: 11064, 6000, 18528
13: 11160, 6613, 18915
14: 11220, 7205, 19269
15: 11304, 7819, 19600
16: 11364, 8366, 19844
17: 11448, 8925, 20091
18: 11484, 9471, 20265
19: 11520, 10024, 20435
20: 11556, 10522, 20556
21: 11580, 10992, 20647
22: 11616, 11437, 20795
23: 11640, 11891, 20908
24: 11676, 12371, 21000
25: 11700, 12764, 21059
26: 11724, 13160, 21116
27: 11724, 13541, 21191
28: 11760, 13865, 21239
29: 11772, 14186, 21277
30: 11784, 14507, 21332
31: 11796, 14827, 21410
32: 11796, 15129, 21448
33: 11832, 15453, 21492
34: 11832, 15739, 21544
35: 11844, 15982, 21597
36: 11844, 16247, 21628
37: 11844, 16459, 21659
38: 11868, 16696, 21692
39: 11880, 16897, 21723
40: 11892, 17098, 21737
41: 11892, 17292, 21759
42: 11892, 17462, 21778
43: 11892, 17622, 21809
44: 11904, 17779, 21846
45: 11904, 17946, 21876
46: 11916, 18099, 21896
47: 11916, 18259, 21925
48: 11928, 18398, 21945
49: 11940, 18535, 21966
# sample: 8, rndSeed: 18
0: 0, 0, 0
1: 1380, 177, 1465
2: 3060, 434, 3461
3: 4668, 761, 5669
4: 6324, 1145, 8023
5: 7644, 1612, 10211
6: 8520, 2136, 12089
7: 9384, 2731, 13755
8: 9948, 3322, 15062
9: 10332, 3933, 16118
10: 10644, 4512, 16983
11: 10860, 5108, 17741
12: 11064, 5696, 18350
13: 11148, 6271, 18805
14: 11220, 6870, 19323
15: 11328, 7460, 19704
16: 11376, 8007, 19941
17: 11412, 8543, 20183
18: 11484, 9094, 20409
19: 11508, 9625, 20557
20: 11532, 10135, 20711
21: 11532, 10648, 20831
22: 11604, 11124, 21025
23: 11640, 11579, 21127
24: 11676, 12016, 21250
25: 11688, 12433, 21352
26: 11700, 12811, 21424
27: 11724, 13198, 21510
28: 11796, 13570, 21588
29: 11796, 13930, 21640
30: 11808, 14283, 21699
31: 11832, 14586, 21752
32: 11856, 14884, 21814
33: 11856, 15218, 21841
34: 11856, 15512, 21876
35: 11868, 15769, 21902
36: 11868, 16053, 21956
37: 11868, 16304, 21999
38: 11868, 16543, 22035
39: 11880, 16774, 22085
40: 11892, 17005, 22146
41: 11904, 17211, 22199
42: 11904, 17399, 22237
43: 11904, 17587, 22264
44: 11904, 17771, 22287
45: 11904, 17930, 22316
46: 11904, 18091, 22343
47: 11904, 18240, 22355
48: 11904, 18410, 22379
49: 11904, 18545, 22397
# sample: 9, rndSeed: 19
0: 0, 0, 0
1: 1524, 189, 1695
2: 3252, 451, 3772
3: 4956, 803, 6130
4: 6708, 1209, 8575
5: 7752, 1685, 10563
6: 8592, 2206, 12400
7: 9216, 2757, 13892
8: 9720, 3340, 15119
9: 10092, 3947, 16081
10: 10416, 4561, 16912
11: 10752, 5176, 17608
12: 10896, 5785, 18153
13: 11016, 6403, 18544
14: 11148, 6997, 18985
15: 11220, 7602, 19275
16: 11280, 8154, 19567
17: 11328, 8726, 19863
18: 11448, 9232, 20027
19: 11472, 9788, 20199
20: 11472, 10288, 20327
21: 11520, 10787, 20481
22: 11532, 11225, 20654
23: 11568, 11638, 20792
24: 11640, 12030, 20943
25: 11652, 12422, 21021
26: 11664, 12796, 21107
27: 11688, 13164, 21197
28: 11712, 13524, 21281
29: 11724, 13842, 21317
30: 11748, 14135, 21384
31: 11760, 14445, 21421
32: 11772, 14729, 21465
33: 11796, 14995, 21506
34: 11796, 15291, 21555
35: 11808, 15559, 21618
36: 11844, 15840, 21662
37: 11868, 16086, 21703
38: 11868, 16311, 21758
39: 11880, 16503, 21794
40: 11892, 16719, 21831
41: 11904, 16924, 21878
42: 11904, 17130, 21923
43: 11916, 17327, 21960
44: 11916, 17503, 21986
45: 11916, 17685, 22016
46: 11916, 17847, 22057
47: 11928, 17987, 22111
48: 11928, 18123, 22129
49: 11928, 18271, 22149
